21 0.358255 0.755332 0.0747664 0.0351317 0.911002
12 0.284268 0.906524 0.076324 0.0815558 0.92082
18 0.305296 0.826851 0.0778816 0.0501882 0.924496
9 0.344237 0.917189 0.17134 0.0401506 0.925387
9 0.79595 0.116688 0.152648 0.0652447 0.925867
20 0.505452 0.683814 0.0794393 0.0451694 0.927364
19 0.944704 0.611041 0.0638629 0.0727729 0.929313
18 0.45405 0.81744 0.0451713 0.0715182 0.931279
8 0.540498 0.628607 0.0903427 0.055207 0.933167
20 0.529595 0.878294 0.05919 0.055207 0.934791
15 0.216511 0.407779 0.0498442 0.08532 0.935822
14 0.5 0.641782 0.0934579 0.06399 0.937125
16 0.518692 0.739021 0.05919 0.0803011 0.937791
19 0.589564 0.897742 0.0981308 0.0414053 0.938011
11 0.379283 0.91468 0.0576324 0.122961 0.940503
10 0.833333 0.51192 0.05919 0.12798 0.940626
14 0.471184 0.898369 0.0607477 0.102886 0.943699
15 0.60514 0.720828 0.0981308 0.0589711 0.943979
17 0.626168 0.822459 0.0623053 0.0690088 0.944016
13 0.293614 0.768507 0.0981308 0.0690088 0.944371
21 0.297508 0.620452 0.0685358 0.0439147 0.944818
13 0.498442 0.721455 0.109034 0.055207 0.946
10 0.866822 0.609159 0.110592 0.0890841 0.94642
4 0.757009 0.0495609 0.205607 0.0740276 0.947161
17 0.565421 0.821205 0.0716511 0.0589711 0.947454
7 0.751558 0.356336 0.135514 0.0903388 0.948355
0 0.361371 0.601631 0.05919 0.224592 0.948506
12 0.311526 0.576537 0.105919 0.0514429 0.948909
16 0.246106 0.710163 0.0747664 0.08532 0.951375
1 0.505452 0.755332 0.20405 0.0878294 0.951912
6 0.714174 0.765997 0.172897 0.0815558 0.952442
8 0.750779 0.471769 0.0903427 0.0878294 0.95254
5 0.149533 0.65872 0.0747664 0.135508 0.953848
23 0.190031 0.59724 0.0529595 0.0652447 0.954351
2 0.0950156 0.64931 0.0903427 0.114178 0.956276
7 0.120717 0.429109 0.107477 0.112923 0.956878
5 0.253115 0.526349 0.172897 0.0539523 0.957016
22 0.363707 0.809912 0.157321 0.0740276 0.958999
1 0.778816 0.412798 0.180685 0.107905 0.959367
3 0.0482866 0.653074 0.0903427 0.154329 0.960322
11 0.338006 0.507528 0.130841 0.0941029 0.961455
4 0.75 0.605395 0.110592 0.136763 0.961761
3 0.204829 0.465496 0.179128 0.0828105 0.962034
0 0.388629 0.688833 0.182243 0.117942 0.963032
6 0.208723 0.800502 0.130841 0.130489 0.964408
2 0.257788 0.638645 0.0856698 0.16813 0.966948
